version
20161114231109
20161123184441
20161203204345
20170128180407
20170129183042
20170130131455
20170201002250
20170204154452
20170214002147
20170215013450
20170217002235
20170217035145
20170217221602
20170223015443
20170306033815
20170307015549
20170307030748
20170310013059
20170310021421
20170509012625
20170510020837
20170510021327
20170511153442
20170516012952
20170601010857
20170602011523
20170602012512
20170605232615
20170606030956
20170612005456
20171019033035
20171019115013
20171019172508
20171021160426
20171023021905
20171112232047
20171121000739
20171121001219
20171121010648
20171206142445
20171206142504
20171221144415
20180104225426
20180105001143
20180105045820
20180201154156
20180219133546
20180219165753
20180219165817
20180407130534
20180407130944
20180619234956
20180619235432
20180628160051
20180628173321
20180706162845
20180810195154
20181022171144
